-1.18881  1.27437  1.16177 -1.71967
 1.60506  1.68099  4.22077  4.28631
 -1.1889  1.27674  1.15707 -1.72125
 1.60754  1.68141  4.20704  4.28977
-1.18688  1.27468   1.1635 -1.72281
 1.60641  1.67962   4.2177  4.28849
-1.18312  1.27621  1.16412 -1.72177
 1.60269  1.67855  4.21248  4.28482
-1.19054  1.27538  1.15343 -1.72326
 1.60674   1.6807  4.21512  4.28887
-1.18746  1.27546  1.16609 -1.72461
 1.60612   1.6786   4.2162  4.28841
-1.18717   1.2756  1.16428 -1.72556
 1.60571   1.6791  4.21836  4.29062
-1.18562  1.27561 -1.71706
 1.60493  1.67909  4.30982
-1.18703  1.27617  1.16665 -1.71892
 1.60484  1.67849  4.21709  4.28941
-1.18688  1.27649   1.1665 -1.72486
 1.60413  1.67868  4.21531  4.28638
-1.19075  1.27622  1.16398 -1.72486
 1.60811   1.6788  4.21489  4.31245
-1.18674  1.27753   1.1582 -1.72184
 1.60506  1.68098  4.20984  4.31509
-1.18824  1.27642  1.15433 -1.72006
 1.60678  1.67949  4.21784  4.29327
-1.19116   1.2761  1.16118 -1.72096
 1.60693  1.67872  4.21625  4.28665
-1.18896   1.2772  1.16458 -1.72524
 1.60915   1.6818  4.21354  4.31015
-1.18588  1.27673  1.16314 -1.71761
 1.60563  1.67945  4.21808  4.31175
 -1.1876  1.27559  1.16364 -1.72362
  1.6067   1.6792  4.21844  4.29205
-1.18882  1.27483  1.15857 -1.71788
 1.60863  1.68011  4.21519   4.2894
-1.18663  1.27631  1.16533 -1.71968
   1.605  1.68118  4.21659  4.31022
-1.18921   1.2773  1.16794 -1.72541
 1.60455  1.67945  4.21984   4.3065
-1.18959  1.27585  1.15419 -1.71862
 1.60541  1.68101  4.21817  4.31207
-1.19072  1.27588  1.16434  -1.7255
 1.60953  1.67811  4.21509  4.31004
-1.18605  1.27528  1.15392 -1.72198
 1.60612  1.67968  4.21439  4.29034
-1.19157  1.27684  1.15409  -1.7207
 1.60894  1.68143  4.21613  4.28798
-1.18868  1.27495  1.15882 -1.72449
 1.60551  1.68054  4.21572  4.28977
-1.19108  1.27412  1.15533 -1.72068
 1.60834  1.68083  4.21223  4.28966
-1.18998  1.27615  1.16305  -1.7242
  1.6086  1.68162  4.21455  4.31128
-1.18911  1.27502  1.15685  -1.7185
 1.60842  1.68064  4.20883  4.28958
-1.19056  1.27533  1.15535 -1.72212
 1.60689  1.68049  4.22822  4.28546
-1.18641  1.27518  1.16007 -1.72029
 1.60482  1.67951  4.21685  4.31284
  -1.1906   1.27515   1.16367  -1.72201 -0.132286
  1.60672   1.67937   4.21438   4.28455   6.85613
-1.19154   1.2756  1.16735 -1.72663
 1.60805  1.67997  4.21181  4.30528
-1.18969  1.27574   1.1636 -1.72363
 1.60564  1.67908  4.21796  4.30505
-1.19022  1.27224  1.15868 -1.73034
 1.60684  1.67785  4.21877  4.30451
 -1.18727   1.27715   1.15873  -1.72426 -0.128601
  1.60542   1.68135   4.21177   4.28748   6.85327
-1.18795  1.27606  1.16241 -1.71976
 1.60492  1.67962  4.21473  4.28716
 -1.19009   1.27409   1.15261  -1.73245 -0.156599
  1.59572    1.6773    4.2093   4.27366   6.87229
-1.18847  1.26969   1.1428 -1.72572
 1.57487  1.66263  4.19471  4.25173
 -1.1848  1.27879  1.15846 -1.71579
 1.54916  1.63294  4.16482  4.22476
-1.20017  1.27326    1.151  -1.7573
 1.51543  1.61554  4.15149  4.19252
-1.24161  1.23641  1.07783
 1.46806   1.6083  4.15164
 1.18388 -1.28822 0.960145
 1.61563  1.41178  4.14551
 1.16281  -1.3008 0.921033  1.78316
 1.58382  1.37242  4.13448  6.22379
 1.15626  0.93279  1.77547 -0.42766  -1.2896
 1.52867  4.07061  6.19251  6.62214  1.33826
  1.18203  -1.26675  0.988028 -0.333098
  1.47884   1.32431   4.00661   6.59354
-1.2106 1.22548 -1.7367
1.34386 1.42898 4.04854
-1.19113  1.26646    1.174 -1.69454
 1.33801  1.39437   3.9377  4.02206
-1.13154  1.30832  1.26841 -1.56835
  1.3081  1.32119  3.86622  4.00636
-1.08289  1.34951  1.33927  -1.4979
 1.26515  1.25229  3.80444  3.97053
-1.05278  1.39054  1.41292 -1.44684 0.284782
 1.21872  1.18181  3.73162   3.9223  6.42867
-1.06069  1.40384  1.38738  1.70913 0.242466 -1.52494
 1.13658  1.14956  3.68569  5.79519  6.38915  3.83245
 -1.0705  1.38263  1.29832 -1.59005
 1.06445  1.13275  3.68197  3.75014
   -1.06472     1.38161     1.28227    -1.61427 -0.00060033
    1.02346     1.09991      3.6431     3.69351      6.2745
   1.37231    1.25085   -1.63605 -0.0766223    1.61745
    1.0652    3.61322    3.62547    6.21303    9.90046
   1.37135    1.24603   -1.61279 -0.0353435
   1.02652    3.55349    3.57699    6.16423
 1.41633  1.27284 0.532104 -1.60739
 1.01885  3.48717   9.6878  3.52364
1.27419 -1.6157
3.43619 3.45768
 1.26849 -1.61935
 3.35932  3.37381
  1.24022  -1.65737 -0.112381
  3.28506   3.27598   5.88649
 1.20132 -1.68696
 3.24488  3.19418
  1.18468 -0.187887  -1.70224
  3.17666   5.68674   3.11558
  1.18938  -1.68801 -0.174664
  3.10693   3.05013   5.70043
  1.20488 -0.154274  -1.67988
   3.0253   5.57528   2.98855
  1.20346 -0.149297  -1.67749
  2.96213   5.50225   2.91944
  1.15101  -1.78217 -0.360368
  2.90715    2.8218   5.48598
  1.01045 -0.603153  -1.12676
  2.92924   5.44784   6.60133
 0.853275 -0.846614
   2.9473   5.40624
 0.732569 -0.992034
  2.97406   5.39546
 0.700695 -0.972566
   2.9766     5.386
0.720676
 2.96989
0.721558
 2.95746
 0.78986 -0.75984 0.140172
 2.89412  5.27759  9.90918
0.988422
 2.74189
 1.08414 -1.77249
 2.64119  2.52213
  1.12688  -1.74101 -0.241464
   2.5405   2.45642   5.08496
  1.15898 -0.179348  -1.71166
   2.4401   4.99798   2.37967
  1.18384 -0.147645    1.7265  -1.68682
  2.33939    4.9115   9.62069   2.29779
   1.1986  -1.67485 -0.135787 -0.104092
  2.24614   2.21892    4.8377   8.35302
 1.21253 -1.67152
 2.17934  2.14386
  1.21778 -0.110642  -1.65786
  2.11887   4.69245   2.08125
