0	-1500	-1392.857	-1285.714	-1178.571	-1071.429	-964.2857	-857.1429	-750	-642.8571	-535.7143	-428.5714	-321.4286	-214.2857	-107.1429	0
-20	3139.437	2969.312	2788.232	2597.27	2397.471	2189.801	1975.078	1753.91	1526.617	1293.16	1053.07	805.3904	548.6621	280.9554	0
-19.18367	3156.463	2987.284	2806.604	2615.538	2415.187	2206.578	1990.594	1767.905	1538.889	1303.559	1061.484	811.7417	552.9006	283.062	0
-18.36735	3171.931	3004.126	2824.211	2633.341	2432.675	2223.303	2006.18	1782.045	1551.343	1314.141	1070.06	818.2181	557.2185	285.2029	0
-17.55102	3185.397	3019.467	2840.75	2650.44	2449.749	2239.836	2021.734	1796.257	1563.924	1324.871	1078.774	824.8018	561.6039	287.3717	0
-16.73469	3196.317	3032.849	2855.844	2666.528	2466.168	2255.994	2037.117	1810.439	1576.561	1335.695	1087.588	831.4669	566.0396	289.5593	0
-15.91837	3204.026	3043.702	2869.017	2681.219	2481.624	2271.534	2052.146	1824.454	1589.152	1346.542	1096.449	838.1766	570.5013	291.7529	0
-15.10204	3207.709	3051.32	2879.671	2694.019	2495.719	2286.144	2066.579	1838.118	1601.561	1357.31	1105.286	844.8799	574.9556	293.9354	0
-14.28571	3206.37	3054.829	2887.058	2704.3	2507.941	2299.413	2080.094	1851.186	1613.602	1367.861	1113.997	851.5058	579.356	296.0828	0
-13.46939	3198.795	3053.148	2890.237	2711.265	2517.626	2310.806	2092.268	1863.326	1625.023	1378.008	1122.445	857.9567	583.6389	298.1631	0
-12.65306	3183.507	3044.938	2888.026	2713.897	2523.921	2319.62	2102.536	1874.098	1635.484	1387.493	1130.439	864.0977	587.7167	300.1319	0
-11.83673	3158.715	3028.55	2878.945	2710.898	2525.72	2324.936	2110.151	1882.905	1644.521	1395.962	1137.718	869.7428	591.4688	301.9288	0
-11.02041	3122.262	3001.957	2861.138	2700.618	2521.591	2325.544	2114.116	1888.946	1651.503	1402.931	1143.92	874.6338	594.7276	303.4702	0
-10.20408	3071.571	2962.685	2832.295	2680.957	2509.68	2319.85	2113.096	1891.13	1655.561	1407.726	1148.538	878.4097	597.2592	304.6397	0
-9.387755	3003.6	2907.736	2789.549	2649.253	2487.586	2305.752	2105.302	1887.976	1655.502	1409.411	1150.865	880.5618	598.7333	305.2733	0
-8.571428	2914.818	2833.535	2729.386	2602.16	2452.219	2280.482	2088.331	1877.457	1649.667	1406.672	1149.898	880.3659	598.6788	305.1371	0
-7.755102	2801.228	2735.896	2647.562	2535.51	2399.623	2240.409	2058.954	1856.797	1635.745	1397.65	1144.202	876.7792	596.4147	303.893	0
-6.938776	2658.455	2610.06	2539.069	2444.218	2324.809	2180.81	2012.858	1822.195	1610.504	1379.702	1131.71	868.2845	590.9446	301.0452	0
-6.122449	2481.957	2450.848	2398.218	2322.253	2221.629	2095.651	1944.349	1768.48	1569.436	1349.057	1109.424	852.6535	580.7936	295.857	0
-5.306122	2267.4	2253.007	2218.902	2162.813	2082.805	1977.467	1846.087	1688.745	1506.317	1300.375	1073.002	826.6044	563.7653	287.2259	0
-4.489796	2011.217	2011.798	1995.178	1958.811	1900.283	1817.528	1709.043	1574.088	1412.804	1226.234	1016.239	785.3478	536.6077	273.5072	0
-3.673469	1711.373	1723.893	1722.252	1703.89	1666.181	1606.614	1523.025	1413.85	1278.362	1116.841	930.6368	722.1341	494.6492	252.3156	0
-2.857143	1368.254	1388.525	1397.891	1394.077	1374.592	1336.853	1278.374	1197.016	1091.285	960.6224	805.6397	628.2548	431.706	220.4546	0
-2.040816	985.491	1008.676	1024.072	1029.935	1024.262	1004.845	969.3904	915.7049	841.9669	747.0497	630.8624	494.6376	341.0932	174.4108	0
-1.22449	570.4538	591.9443	608.3619	618.6453	621.5375	615.6008	599.2682	570.9493	529.2042	472.987	401.9411	316.6948	219.0744	112.1437	0
-0.4081632	134.1078	150.5779	164.2832	174.9039	182.0653	185.3433	184.2822	178.4295	167.3939	150.9278	129.0278	102.0364	70.70831	36.20679	0
0.4081632	-309.9229	-299.6306	-289.9383	-280.407	-270.4849	-259.4998	-246.6629	-231.0967	-211.898	-188.2451	-159.5498	-125.6385	-86.91792	-44.46772	0
1.22449	-746.7503	-741.153	-733.7258	-723.2642	-708.316	-687.191	-658.0135	-618.8369	-567.8383	-503.5927	-425.4051	-333.6392	-229.9538	-117.3543	0
2.040816	-1162.228	-1157.499	-1147.975	-1131.738	-1106.584	-1070.086	-1019.734	-953.1534	-868.4011	-764.3112	-640.8268	-499.2477	-342.3263	-174.1759	0
2.857143	-1545.033	-1536.057	-1518.863	-1491.007	-1449.843	-1392.673	-1316.966	-1220.646	-1102.385	-961.8917	-800.0818	-619.1397	-422.4354	-214.3423	0
3.673469	-1887.703	-1869.307	-1839.184	-1794.667	-1733.085	-1651.969	-1549.307	-1423.802	-1275.085	-1103.836	-911.7852	-701.6136	-476.791	-241.4023	0
4.489796	-2186.754	-2154.67	-2107.711	-2043.331	-1959.212	-1853.481	-1724.933	-1573.19	-1398.783	-1203.118	-988.366	-757.294	-513.1192	-259.4039	0
5.306122	-2442.073	-2393.437	-2327.478	-2242.048	-2135.426	-2006.5	-1854.896	-1681.035	-1486.091	-1271.858	-1040.597	-794.88	-537.5038	-271.4698	0
6.122449	-2655.989	-2589.401	-2503.892	-2397.874	-2270.309	-2120.823	-1949.744	-1758.057	-1547.29	-1319.338	-1076.316	-820.4534	-554.0829	-279.6928	0
6.938776	-2832.302	-2747.615	-2643.239	-2518.191	-2372.078	-2205.14	-2018.209	-1812.602	-1589.961	-1352.09	-1100.829	-838.0112	-565.52	-285.4055	0
7.755102	-2975.49	-2873.48	-2751.716	-2609.779	-2447.816	-2266.519	-2067.033	-1850.812	-1619.456	-1374.563	-1117.644	-850.1344	-573.5073	-289.4466	0
8.571428	-3090.145	-2972.177	-2834.926	-2678.446	-2503.294	-2310.459	-2101.242	-1877.101	-1639.494	-1389.761	-1129.075	-858.4948	-579.1266	-292.3486	0
9.387755	-3180.615	-3048.371	-2897.68	-2728.966	-2543.067	-2341.142	-2124.534	-1894.617	-1652.659	-1399.727	-1136.666	-864.1907	-583.0809	-294.4551	0
10.20408	-3250.827	-3106.101	-2943.985	-2765.169	-2570.67	-2361.717	-2139.617	-1905.612	-1660.762	-1405.866	-1141.464	-867.958	-585.8365	-295.9926	0
11.02041	-3304.212	-3148.774	-2977.111	-2790.093	-2588.829	-2374.551	-2148.482	-1911.713	-1665.09	-1409.161	-1144.192	-870.2993	-587.7093	-297.1137	0
11.83673	-3343.705	-3179.218	-2999.699	-2806.127	-2599.64	-2381.427	-2152.605	-1914.102	-1666.565	-1410.311	-1145.358	-871.5654	-588.9179	-297.9234	0
12.65306	-3371.778	-3199.757	-3013.87	-2815.148	-2604.719	-2383.699	-2153.088	-1913.655	-1665.864	-1409.824	-1145.329	-872.0064	-589.6171	-298.4955	0
13.46939	-3390.492	-3212.286	-3021.318	-2818.631	-2605.313	-2382.396	-2150.76	-1911.025	-1663.486	-1408.07	-1144.371	-871.8038	-589.9184	-298.8827	0
14.28571	-3401.557	-3218.347	-3023.397	-2817.735	-2602.393	-2378.313	-2146.253	-1906.704	-1659.808	-1405.33	-1142.685	-871.0919	-589.9036	-299.1237	0
15.10204	-3406.384	-3219.192	-3021.192	-2813.379	-2596.718	-2372.06	-2140.055	-1901.069	-1655.116	-1401.814	-1140.419	-869.9717	-589.634	-299.2471	0
15.91837	-3406.133	-3215.837	-3015.572	-2806.289	-2588.883	-2364.116	-2132.541	-1894.413	-1649.629	-1397.685	-1137.69	-868.5204	-589.156	-299.2744	0
16.73469	-3401.759	-3209.106	-3007.234	-2797.043	-2579.357	-2354.858	-2124.005	-1886.96	-1643.52	-1393.068	-1134.587	-866.7977	-588.5053	-299.2219	0
17.55102	-3394.047	-3199.67	-2996.74	-2786.102	-2568.513	-2344.579	-2114.678	-1878.891	-1636.924	-1388.064	-1131.181	-864.8507	-587.7099	-299.1024	0
18.36735	-3383.639	-3188.075	-2984.544	-2773.837	-2556.649	-2333.515	-2104.745	-1870.345	-1629.946	-1382.752	-1127.527	-862.7167	-586.7918	-298.926	0
19.18367	-3371.067	-3174.766	-2971.011	-2760.544	-2544.001	-2321.854	-2094.351	-1861.435	-1622.673	-1377.194	-1123.671	-860.4257	-585.7687	-298.7003	0
20	-3356.766	-3160.104	-2956.439	-2746.464	-2530.76	-2309.746	-2083.613	-1852.251	-1615.172	-1371.441	-1119.649	-858.0019	-584.6548	-298.4319	0
